      0/99     1.22G    0.1044   0.02505   0.02515    0.1546         8       640         0         0         0         0         0   0.09107   0.02475   0.02378
      1/99     8.55G   0.08972    0.0273   0.02196     0.139        11       640         0         0         0         0         0   0.09617   0.02298   0.02617
      2/99     8.56G   0.07715   0.02412   0.02027    0.1215        12       640         0         0         0         0         0    0.1169   0.01733   0.06439
      3/99     8.56G   0.07148   0.01781   0.01586    0.1051        10       640    0.1451    0.0625   0.03122 1.661e-06  0.005082   0.09432   0.02222   0.04669
      4/99     8.56G   0.06746   0.01624  0.009786   0.09348        14       640    0.2487    0.3182    0.2373   0.01417   0.07683   0.08627   0.01778    0.0739
      5/99     8.56G   0.06673   0.01477  0.005712   0.08721        11       640 7.407e-05  0.004808 9.359e-07         0 1.872e-07      0.13    0.2082    0.1292
      6/99     8.56G   0.06671   0.01467  0.005258   0.08664         8       640    0.3652    0.4724    0.3844  0.003332     0.104    0.0702   0.01402    0.0256
      7/99     8.56G   0.06356   0.01436  0.003125   0.08105        10       640 0.0002051    0.0625  2.67e-05         0 3.755e-06    0.1275    0.8582   0.02439
      8/99     8.56G   0.06001   0.01406  0.003152   0.07722         9       640    0.4966    0.8067    0.5405   0.05315    0.2014   0.06668   0.04444  0.004441
      9/99     8.56G   0.06011   0.01394  0.003254    0.0773         9       640     0.195    0.3503    0.2362  0.003241   0.05349    0.0753   0.03569    0.1161
     10/99     8.56G   0.05598   0.01385  0.002807   0.07264         6       640    0.6897    0.8043    0.7073    0.2344     0.309   0.05529   0.02427  0.005601
     11/99     8.56G   0.05511    0.0133  0.002387   0.07079         6       640    0.6529    0.6108    0.6617   0.08373    0.2323   0.06645   0.02527   0.01543
     12/99     8.56G   0.05508   0.01379  0.002314   0.07119        12       640    0.4241    0.5497     0.397   0.02636    0.0961   0.06151   0.01424   0.00317
     13/99     8.56G   0.05382    0.0137  0.002016   0.06954         8       640    0.6395    0.6134     0.537   0.01288    0.1196   0.05949   0.01335   0.01309
     14/99     8.56G    0.0562   0.01348   0.00191   0.07159         3       640    0.2646    0.1719    0.1088  0.001471   0.01854     0.102   0.02806   0.02463
     15/99     8.56G   0.05815   0.01415  0.002829   0.07514         8       640    0.6977     0.334       0.4    0.1386    0.1909   0.09439   0.03442   0.02873
     16/99     8.56G   0.05404   0.01367  0.002143   0.06985        13       640 3.162e-05  0.004808 4.662e-07         0 4.662e-08    0.1295    0.0852   0.01482
     17/99     8.56G   0.05519    0.0139  0.001885   0.07098        11       640 0.0002683    0.0625 3.526e-05         0   5.6e-06    0.1266    0.1163   0.02439
     18/99     8.56G   0.05363    0.0135  0.002584   0.06972        10       640    0.5634    0.7208    0.6704    0.2021    0.3112   0.05957   0.01242  0.003458
     19/99     8.56G   0.05657   0.01318  0.002638   0.07239         7       640 0.0002042   0.02404 1.473e-05         0 2.235e-06    0.1318    0.1805   0.01294
     20/99     8.56G   0.05505   0.01387  0.002599   0.07152        12       640    0.4047    0.6325    0.4813    0.1397    0.2115   0.08393    0.1275   0.01101
     21/99     8.56G   0.05502   0.01321  0.002746   0.07098         8       640     0.358    0.4131    0.3455    0.1031     0.141   0.06245   0.01851   0.03831
     22/99     8.56G   0.05403   0.01364  0.002523   0.07019        13       640    0.2814    0.4485    0.3059  0.002382   0.08717   0.09481   0.01723  0.001247
     23/99     8.56G   0.05436   0.01339   0.00188   0.06963         8       640 0.0004213    0.1058 9.123e-05 1.156e-06 2.093e-05    0.1186    0.3839  0.003763
     24/99     8.56G   0.05273   0.01322   0.00193   0.06788        11       640    0.8279    0.8317    0.8165    0.2357    0.3704   0.05221   0.01521  0.003302
     25/99     8.56G   0.05208   0.01358  0.001628    0.0673        16       640    0.5898    0.6019    0.5489   0.03391    0.1344   0.06134   0.01373  0.002274
     26/99     8.56G   0.05376   0.01304  0.002012   0.06881         5       640    0.7902    0.8798    0.8318    0.2976    0.3903   0.05095   0.01204 0.0002484
     27/99     8.56G   0.05098    0.0137  0.002564   0.06725         5       640    0.2351    0.3894    0.3385   0.09344    0.1349   0.04671   0.01687   0.02199
     28/99     8.56G   0.05072   0.01356   0.00281   0.06709        10       640    0.5003    0.6014    0.4735   0.04856    0.1599   0.05592   0.01494    0.1104
     29/99     8.56G   0.05076   0.01306  0.001879    0.0657        10       640    0.6118    0.7889    0.5791    0.1085    0.2315   0.04796   0.03825   0.01695
     30/99     8.56G   0.05102   0.01269  0.001493    0.0652        11       640    0.9007    0.8166    0.8513    0.4807    0.4688   0.05149   0.01805  0.004846
     31/99     8.56G   0.04888   0.01282  0.001864   0.06356        15       640    0.8352    0.2754    0.4538   0.06004    0.1707    0.0697   0.03055  0.008298
     32/99     8.56G    0.0478     0.013  0.001764   0.06257        15       640    0.7506    0.7983    0.7849    0.3525    0.3844   0.04668   0.01662 0.0005566
     33/99     8.56G   0.04834   0.01251  0.001285   0.06213         8       640    0.8554    0.8942     0.908    0.4717    0.4667   0.04506   0.01049 0.0008221
     34/99     8.56G   0.04942   0.01244  0.001154   0.06301         6       640     0.849    0.8736    0.8728    0.3918    0.4352   0.04618   0.01037 0.0002714
     35/99     8.56G   0.04829   0.01282  0.001296   0.06241        10       640     0.733     0.778    0.7854    0.4588    0.4318   0.04683   0.01344   0.01038
     36/99     8.56G   0.04699   0.01248  0.001338   0.06081         4       640  0.009829    0.0625  0.002052 9.768e-06 0.0004493    0.1268   0.05712   0.01818
     37/99     8.56G   0.04735    0.0123 0.0008876   0.06054         6       640    0.8436    0.9082    0.8837    0.2452    0.4022    0.0432   0.01623 0.0001452
     38/99     8.56G    0.0474    0.0132  0.002125   0.06272         9       640     0.881    0.8894    0.8889    0.2732    0.3856   0.04761   0.01127  0.002471
     39/99     8.56G   0.04487   0.01222  0.001278   0.05837         4       640    0.7506    0.8942    0.8308    0.2669    0.3954   0.04587   0.01095   0.00124
     40/99     8.56G   0.04836   0.01257  0.001285   0.06222         4       640    0.8338    0.8266    0.8047    0.0771    0.2207   0.05341   0.01224 0.0006765
     41/99     8.56G   0.04647   0.01281  0.001143   0.06042        12       640    0.8371    0.8654    0.8498      0.43    0.4404   0.04241   0.01112 0.0003744
     42/99     8.56G   0.04682   0.01195  0.001004   0.05978         5       640    0.8113    0.9036    0.8491    0.4545    0.4308   0.04413   0.01116 0.0002338
     43/99     8.56G   0.04455   0.01249  0.001543   0.05858        10       640    0.8003    0.7885     0.772    0.2891    0.3485   0.04934   0.01411   0.00998
     44/99     8.56G   0.04491   0.01237  0.001153   0.05843         8       640    0.6344    0.7212    0.7315    0.3888    0.4023   0.04255   0.02423   0.02003
     45/99     8.56G   0.04398   0.01181 0.0009846   0.05677         9       640    0.8891     0.851    0.8948    0.5344    0.4653   0.04458   0.01067 0.0002663
     46/99     8.56G   0.04359   0.01206  0.001268   0.05692         9       640 0.0004167  0.004808 6.634e-06         0 8.123e-07    0.1194   0.04321   0.03775
     47/99     8.56G   0.04479    0.0123  0.001246   0.05834        11       640    0.8404    0.8077    0.8213    0.2642    0.3797   0.04791   0.01116 0.0002941
     48/99     8.56G   0.04283   0.01257  0.001062   0.05646        13       640    0.8367    0.9038    0.8516    0.1832    0.3792   0.04448   0.01123 0.0003763
     49/99     8.56G    0.0422   0.01132 0.0008674   0.05439         7       640    0.8328    0.9038    0.8811     0.459    0.4613   0.04657   0.01074 0.0001276
     50/99     8.56G   0.04379   0.01172 0.0007496   0.05625         4       640     0.786    0.8606    0.8383    0.2879    0.3822     0.046   0.01196  0.002223
     51/99     8.56G   0.04404   0.01161 0.0009126   0.05656         8       640    0.8447    0.9327    0.8946    0.4987    0.4638    0.0426   0.01003  0.000221
     52/99     8.56G   0.04333   0.01234 0.0008058   0.05647        14       640    0.8308    0.8702    0.8426    0.3867    0.4118   0.04776   0.01094 0.0003945
     53/99     8.56G   0.04108   0.01234 0.0009854   0.05441        11       640    0.8387    0.8894    0.8777    0.5115    0.4702   0.04443   0.01111 0.0001797
     54/99     8.56G   0.04258   0.01194  0.001543   0.05606         8       640    0.8678    0.9375    0.8927    0.5236    0.4603   0.04361   0.01109 0.0001362
     55/99     8.56G   0.04479   0.01203  0.001752   0.05857         8       640    0.8593    0.9135    0.8934    0.4594    0.4521   0.04476   0.02129  0.001008
     56/99     8.56G    0.0436   0.01243  0.001162   0.05719         5       640    0.7917    0.8606    0.8549    0.2887    0.4004   0.04804   0.01071  0.003843
     57/99     8.56G    0.0423   0.01205  0.001291   0.05563         7       640    0.9833    0.8746    0.9394    0.2173    0.4108   0.04245   0.01056 0.0004663
     58/99     8.56G   0.04366   0.01173  0.001002    0.0564         8       640    0.8886    0.3365    0.4158   0.09686    0.1665    0.0433   0.01182    0.0353
     59/99     8.56G   0.04203   0.01149 0.0009305   0.05445        13       640    0.8568    0.9231    0.8828    0.5588    0.4574   0.04313   0.01006 0.0002861
     60/99     8.56G   0.04042   0.01179 0.0007331   0.05295         9       640    0.8572    0.9321     0.856    0.5414    0.4417   0.04331   0.01095 0.0001278
     61/99     8.56G   0.03984   0.01143 0.0007509   0.05202         6       640    0.8743    0.9134    0.8751     0.255    0.4194   0.04355   0.01099 0.0001313
     62/99     8.56G   0.04157   0.01213 0.0007811   0.05448        13       640    0.8416    0.8749     0.846    0.1246    0.3755   0.04616   0.01038 0.0003353
     63/99     8.56G   0.04184   0.01164 0.0008863   0.05437        11       640    0.8713    0.9327    0.9207    0.4917    0.4649   0.04245   0.01038 0.0007652
     64/99     8.56G   0.04042   0.01146 0.0008068   0.05269         5       640    0.8744    0.8894    0.8878    0.2686    0.4048   0.04614   0.01019 0.0003336
     65/99     8.56G   0.03968   0.01143  0.000805   0.05191         8       640    0.8322    0.8938    0.8808     0.295    0.4117   0.04359   0.01136   0.00017
     66/99     8.56G   0.03988   0.01195  0.000842   0.05268         8       640    0.8336    0.9227    0.8824    0.4811    0.4462   0.04468   0.01054 0.0002178
     67/99     8.56G     0.039   0.01172 0.0008773    0.0516         8       640    0.8508    0.8606     0.873     0.541    0.4538   0.04448    0.0123 0.0003165
     68/99     8.56G   0.03964   0.01158 0.0008572   0.05208        11       640    0.8273     0.918    0.8835    0.4712    0.4488   0.04545   0.01032 0.0001294
     69/99     8.56G   0.03895    0.0111 0.0007204   0.05077         9       640    0.9262    0.8606    0.9033     0.538    0.5051    0.0387   0.01014 0.0001683
     70/99     8.56G   0.03947   0.01102 0.0009137    0.0514         3       640    0.8648     0.903    0.8999    0.5597    0.5122   0.04173   0.01207  0.000268
     71/99     8.56G   0.03868   0.01087   0.00111   0.05066         5       640    0.8111    0.9183    0.8658    0.5068    0.4713    0.0422   0.01021 0.0008833
     72/99     8.56G    0.0396   0.01143 0.0008766   0.05191        11       640     0.844    0.9087    0.8931     0.544     0.486   0.04308  0.009809 0.0002256
     73/99     8.56G   0.03812   0.01123 0.0005994   0.04995         6       640    0.9094     0.889    0.9157      0.46    0.4627   0.04124  0.009675 0.0001339
     74/99     8.56G   0.03758   0.01145 0.0006498   0.04968         6       640    0.7963    0.8648    0.8078    0.3617      0.41   0.04746   0.01063 0.0001762
     75/99     8.56G   0.03847   0.01083 0.0007476   0.05004         9       640    0.8936    0.9037    0.8748    0.5462    0.4891   0.03982   0.01017 0.0001513
     76/99     8.56G   0.03774   0.01094 0.0006224    0.0493        13       640    0.8493    0.9375    0.8947    0.6162    0.5042   0.04107    0.0101 0.0001471
     77/99     8.56G   0.03657   0.01067 0.0007081   0.04796         7       640    0.8361    0.9471    0.9163    0.3715    0.4504    0.0414   0.01073 0.0001866
     78/99     8.56G   0.03793   0.01075 0.0009916   0.04968        12       640    0.8322    0.8654    0.8582    0.2888    0.4167    0.0464   0.01081 0.0001791
     79/99     8.56G   0.03752   0.01144  0.000814   0.04977        11       640    0.8994    0.9231    0.9329    0.4807    0.4844   0.04125   0.01038 0.0001622
     80/99     8.56G   0.03709   0.01124 0.0006759     0.049        16       640    0.8999    0.9038    0.9064    0.3595    0.4417   0.04311   0.01059  0.000122
     81/99     8.56G    0.0371   0.01066 0.0008184   0.04858         9       640    0.8683    0.9423    0.8987    0.5398    0.4867   0.04121   0.01146 0.0002388
     82/99     8.56G   0.03601    0.0108  0.000745   0.04755         7       640    0.8594    0.9327    0.8947    0.5778    0.4932   0.04164   0.01072 0.0001212
     83/99     8.56G   0.03533   0.01028 0.0006305   0.04624        10       640    0.8684    0.8842     0.874    0.5271    0.4844   0.04395   0.01026 0.0001375
     84/99     8.56G    0.0358   0.01051 0.0005812    0.0469         7       640     0.857    0.9375    0.8946    0.5717    0.4701   0.04208   0.01068 0.0002115
     85/99     8.56G   0.03382   0.01058 0.0005897   0.04499        12       640    0.8762     0.875    0.8717    0.1681    0.3844   0.04557   0.01086 0.0002289
     86/99     8.56G   0.03427   0.01057  0.000602   0.04544        12       640    0.8943    0.8942    0.9015    0.3777    0.4364   0.04272   0.01049 0.0001277
     87/99     8.56G   0.03432   0.01063 0.0007029   0.04565        14       640    0.8634    0.9518    0.9139    0.5804    0.4897   0.03928  0.009946 0.0001252
     88/99     8.56G   0.03349   0.01017 0.0005766   0.04423        10       640    0.8851    0.9081    0.8909    0.6053    0.4913   0.04206   0.01082 9.619e-05
     89/99     8.56G   0.03412   0.01052 0.0009982   0.04564         9       640    0.8553    0.9279    0.8854    0.6236    0.4919   0.04196   0.01125  9.45e-05
     90/99     8.56G   0.03518   0.01043 0.0006721   0.04627         6       640    0.8622    0.9327    0.9116     0.301    0.4309   0.04201   0.01036 9.542e-05
     91/99     8.56G   0.03536   0.01097 0.0007951   0.04712         4       640    0.8558    0.9375     0.877    0.5734    0.4675   0.04213   0.01129 8.922e-05
     92/99     8.56G   0.03454  0.009676 0.0005326   0.04475         4       640    0.8453    0.9164    0.8819    0.3153    0.4298   0.04335   0.01174 0.0001206
     93/99     8.56G   0.03463   0.01057 0.0004994   0.04569         7       640    0.8454    0.8987    0.8719    0.4767    0.4665   0.04323   0.01058 0.0001026
     94/99     8.56G   0.03271   0.01077 0.0004743   0.04395        13       640    0.8289     0.937    0.8733    0.5558    0.4755   0.04229   0.01123 6.114e-05
     95/99     8.56G   0.03322   0.01043 0.0008617   0.04452        13       640    0.8741    0.9423    0.8971    0.5834    0.4906   0.04025    0.0122 6.851e-05
     96/99     8.56G   0.03466   0.01033   0.00112   0.04611        12       640    0.8604    0.9327    0.9065    0.3429    0.4384   0.04354    0.0105 0.0001498
     97/99     8.56G    0.0343   0.01065 0.0009038   0.04586         9       640    0.8447    0.9375    0.8895    0.5798    0.4943   0.04151   0.01231 0.0002385
     98/99     8.56G   0.03359    0.0106 0.0006665   0.04486         7       640    0.8651    0.9326    0.9174    0.5724    0.4977   0.04166   0.01022 0.0001162
     99/99     8.56G   0.03414   0.01024  0.000518   0.04491         9       640     0.907    0.8942    0.9145    0.6034    0.5357   0.04044   0.01078 9.635e-05
